P-pop/StarCatalogs/LTC3_old1.csv
# %ECSV 0.9
# ---
# datatype:
# - name: sim_ra
#   unit: deg
#   datatype: float64
#   description: Right ascension
#   meta: !!omap
#   - {ucd: pos.eq.ra;meta.main}
# - name: sim_dec
#   unit: deg
#   datatype: float64
#   description: Declination
#   meta: !!omap
#   - {ucd: pos.eq.dec;meta.main}
# - name: sim_plx
#   unit: mas
#   datatype: float64
#   description: Parallax
#   meta: !!omap
#   - {ucd: pos.parallax.trig}
# - name: distance
#   datatype: float64
#   meta: !!omap
#   - {ucd: pos.parallax.trig}
# - {name: sim_name, datatype: string}
# - {name: sim_sptype, datatype: string}
# - {name: gal_coord_l, unit: deg, datatype: float64}
# - {name: gal_coord_b, unit: deg, datatype: float64}
# - {name: mod_Teff, unit: K, datatype: float64}
# - {name: mod_R, unit: solRad, datatype: float64}
# - {name: mod_M, unit: solMass, datatype: float64}
# - {name: sep_phys, unit: AU, datatype: float64}
# - {name: binary_flag, datatype: bool}
# delimiter: ','
# meta: !!omap
# - {ID: result_1589263939298}
# - {name: result_1589263939298}
# schema: astropy-2.0
sim_ra,sim_dec,sim_plx,distance,sim_name,sim_sptype,gal_coord_l,gal_coord_b,mod_Teff,mod_R,mod_M,sep_phys,binary_flag
150.2527365830305,31.9236713468053,66.9958,14.926308813388301,*  20 LMi,G3VaHdel1,195.0155201232689,52.85332973711943,5720.0,1.01,1.0,1985.2,True
150.20923550319543,31.929234542657777,68.8826,14.51745433534739,*  20 LMi B,M6.0V,195.00221283845883,52.81686810368163,2710.0,0.129,0.097,1930.8,True
157.6565848660619,55.9805378935249,77.4346,12.914123660482522,*  36 UMa,F8V,154.29181549346092,51.70255043292826,6170.0,1.25,1.18,1582.0,True
157.6054544219487,55.9991274839079,77.4032,12.919362506976457,*  36 UMa B,K7Ve,154.29284871271716,51.66844643632708,4070.0,0.654,0.63,1582.6,True
259.76598968564497,-46.63623370163472,113.8158,8.786126355040338,*  41 Ara A,G9V,342.2988889764403,-5.268014250991195,5340.0,0.876,0.9,32.5,True
259.76236815054165,-46.636996217725,120.1791,8.32091436863814,*  41 Ara B,M0VpCa-3Cr-1,342.2968377910193,-5.266404017360322,3800.0,0.535,0.54,30.8,True
316.7247483752822,38.7494158400991,285.9459,3.497165023173964,*  61 Cyg A,K5V,82.31973924955679,-5.818105190525726,4330.0,0.672,0.66,68.5,True
316.7302669382731,38.7420450391424,286.1457,3.494723142790544,*  61 Cyg B,K7V,82.31713230537673,-5.826237087716253,4070.0,0.654,0.63,68.5,True
116.39549636195292,-34.17257878982083,65.1134,15.357821892267951,* 171 Pup,F9V,249.10809297476828,-4.805714902073979,6000.0,1.18,1.11,13378.2,True
118.06526169914876,-34.70544382737223,54.7755,18.25633723106133,* 212 Pup A,F5V,250.2640387068748,-3.8828017258940704,6510.0,1.46,1.33,54.8,True
118.0639821601581,-34.7054911318728,54.4566,18.36324706279863,* 212 Pup B,K3V,250.26354294855886,-3.883731281449549,4700.0,0.72,0.73,55.1,True
48.01887218948417,-28.987619062475,71.6818,13.950542536599249,* alf For A,F6V,224.73040578521957,-59.03031545638669,6340.0,1.36,1.25,41.9,True
48.0174984432959,-28.9869504889612,71.128,14.059160949274547,* alf For B,G7V,224.7289018996161,-59.03145216064035,5530.0,0.949,0.96,42.2,True
298.82844518685,6.4104126623183335,73.6059,13.585867437257066,* bet Aql B,M3,46.128751116195794,-11.093420805377974,3250.0,0.291,0.26,160.3,True
330.840225956242,-56.7859825050536,274.8048,3.638946626842035,* eps Ind,K5V,336.1926245297701,-48.04486025803477,4330.0,0.672,0.66,1463.9,True
86.11579539166667,-22.44838354527778,112.02,8.926977325477594,* gam Lep,F6V,226.7957600850199,-24.273096006213557,6340.0,1.36,1.25,855.2,True
190.4150990226471,-1.4493949534586112,86.0628,11.619422096422612,* gam Vir A,F1-F2V,297.83414299337346,61.32553694504877,7030.0,1.64,1.5,31.4,True
190.4147607686542,-1.4494021269330557,78.5233,12.735073538682148,* gam Vir B,F0mF2V,297.8334416689249,61.32550304291013,7220.0,1.79,1.59,34.4,True
94.11091157738,12.2721641457319,51.193,19.533920653214306,* k Ori,F5V,198.03372585541632,-2.0258726842310892,6510.0,1.46,1.33,470.8,True
222.84744868875626,19.100456090255,148.5195,6.733122586596373,* ksi Boo A,G7Ve,23.08585939294626,61.356259576296985,5530.0,0.949,0.96,22.9,True
222.8460183189087,19.1019115633484,148.2131,6.747041928142655,* ksi Boo B,K5Ve,23.087626306729657,61.35805621669611,4330.0,0.672,0.66,22.9,True
341.67325489916664,12.172884846388888,61.36,16.297262059973924,* ksi Peg,F6V,81.27500457358956,-40.39896602807393,6340.0,1.36,1.25,179.3,True
341.6764251922839,12.1725331673575,61.1719,16.34737518370363,* ksi Peg B,M3.5,81.2779648736325,-40.40112133144729,3250.0,0.291,0.26,179.8,True
133.1702614512311,28.3163402341315,80.1166,12.481807765182246,* rho01 Cnc B,M4.5V,196.81800548369407,37.71344587783878,3100.0,0.243,0.18,1061.0,True
216.29915428624997,51.85074358166667,68.82,14.530659691950015,* tet Boo,F7V,93.832100881949,59.652596573192874,6240.0,1.3,1.21,1004.1,True
216.2982518168286,51.8314180912765,68.7887,14.537271383235908,* tet Boo B,M2.5V,93.80607570243018,59.66677268489913,3500.0,0.393,0.4,1004.5,True
76.3777340759685,-57.4727024810564,86.0239,11.624676398070768,* zet Dor,F9VFe-0.5,266.0336529312412,-36.71582618806272,6000.0,1.18,1.11,3725.7,True
55.9690174339539,16.6720292205108,58.1097,17.20883088365626,BD+16   502,K6V,171.67697882734126,-29.445985936265878,4190.0,0.656,0.64,1832.7,True
122.05494098238,21.1050692873962,56.0044,17.855739906150234,BD+21  1764A,K7Ve,201.34784578742824,25.924262675101403,4070.0,0.654,0.63,175.0,True
166.36907491961645,43.526775396930276,206.27,4.848014737964803,BD+44  2051,M1.0Ve,168.50270158274157,63.07143529597829,3650.0,0.46,0.47,151.7,True
166.37869018476334,43.52163453278111,204.0592,4.9005386672102995,BD+44  2051B,M6.0V,168.50524236522085,63.08002085432733,2710.0,0.129,0.097,153.4,True
214.3515915896003,45.4444761710222,51.429,19.444282408757704,BD+46  1951,M0Vp,85.5567216467167,64.94743174205541,3800.0,0.535,0.54,1149.2,True
210.63809705147207,46.33989555169722,89.3872,11.18728408541715,BD+47  2112A,M2V,91.43916887735176,66.20096805462427,3500.0,0.393,0.4,25.7,True
210.6386955841954,46.34085348256528,89.3822,11.187909897048854,BD+47  2112B,M2.5V,91.4400105075719,66.19998163361188,3500.0,0.393,0.4,25.7,True
15.6619499702394,62.3450480102981,101.465,9.855615236781155,BD+61   195,M1.5V,124.23232306165701,-0.4983922165911927,3650.0,0.46,0.47,2903.5,True
8.122840700548752,67.23586003618055,101.4335,9.858675881242391,BD+66    34A,M2V,121.09542033363236,4.431696949719653,3500.0,0.393,0.4,22.7,True
8.123275506188335,67.23439168590639,100.4054,9.959623685578665,BD+66    34B,M3V,121.09548007297174,4.43022019229347,3250.0,0.291,0.26,22.9,True
45.4641367225998,-16.5933395225627,145.5466,6.8706517362824,BD-17   588A,M3.0,200.48640567229913,-58.0738037262467,3250.0,0.291,0.26,22.7,True
45.462819,-16.591852,139.7,7.158196134574088,BD-17   588B,M2.5V,200.48284830068854,-58.074321930221345,3500.0,0.393,0.4,23.6,True
153.0340369238754,-18.617810041978867,58.2,17.18213058419244,BD-17  3088,K7V,258.3566637542538,30.14346550921589,4070.0,0.654,0.63,6862.5,True
76.7079844529418,-21.5858683294245,50.308,19.877554265723145,BD-21  1074A,M2,222.48979554292322,-32.17471746559966,3500.0,0.393,0.4,169.0,True
46.9823011204526,-28.2197121588635,51.1248,19.559978718743153,CD-28  1030,M1Ve,223.0514960294082,-59.860727451898605,3650.0,0.46,0.47,1302.7,True
34.146280142738,-30.9687468533746,74.4161,13.437952271081123,CD-31   908,M4,229.67648210932177,-71.03028300781469,3100.0,0.243,0.18,1411.0,True
34.1716579023093,-30.9883965958152,74.5545,13.413006592492739,CD-31   909,M3Ve,229.72915057551467,-71.00649141828012,3250.0,0.291,0.26,1408.4,True
280.8021008574615,-33.3794795023985,62.3774,16.031447286998176,CD-33 13497,M2,1.8360439701341527,-12.955461961811018,3500.0,0.393,0.4,237.3,True
160.4659783822089,-36.6333691796394,56.2501,17.777746172895693,CD-35  6662,M0Vk:,275.8293828094409,19.327717170224336,3800.0,0.535,0.54,304.0,True
245.01461233019373,-37.52900234308722,117.356,8.521081154776919,CD-37 10765A,M3V,342.2729583880834,8.931779382501846,3250.0,0.291,0.26,37.5,True
254.2023665907254,-39.09393346715028,63.8072,15.672212540277586,CD-38 11343A,M3Ve,345.90816871988596,2.5052754264945074,3250.0,0.291,0.26,43.9,True
254.201410761885,-39.093514470865834,63.6307,15.715684410198223,CD-38 11343B,M4Ve,345.90803348981495,2.506116629623138,3100.0,0.243,0.18,44.0,True
24.6811908671571,-45.242089920463,59.6879,16.753814424699144,CD-45   543A,M0,278.51290651959147,-69.5781961498454,3800.0,0.535,0.54,226.2,True
262.5466791911758,-51.63698326023278,62.365,16.034634811192173,CD-51 10924,M0V,339.10399667812123,-9.54277400548993,3800.0,0.535,0.54,763.2,True
73.3800065753779,-55.860306813514725,90.1237,11.09586046733545,CD-56  1032A,M3Ve,264.2717890827995,-38.5502776627464,3250.0,0.291,0.26,83.2,True
73.3772718973832,-55.8587958424809,90.1653,11.090741116593634,CD-56  1032B,M4Ve,264.2701425635173,-38.55200406350041,3100.0,0.243,0.18,83.2,True
76.4473848063942,-57.553832611815,85.4852,11.697931337822219,CD-57  1079,K7Vk,266.12899645293635,-36.66960094403822,4070.0,0.654,0.63,3749.2,True
160.46101793020085,-36.63076016249722,56.3844,17.73540199062152,CPD-35  4332,M2+V,275.82434546355256,19.32795713578372,3500.0,0.393,0.4,303.3,True
214.3420932159898,45.4294434180692,51.7439,19.325949532215393,FBS 1415+456,M5/6,85.53941975904577,64.96215442616241,3000.0,0.149,0.12,1142.2,True
176.9197797487464,0.2555844806711,53.1949,18.798794621288884,G  10-49,M4V,270.6359243058307,59.06986392918868,3100.0,0.243,0.18,456.8,True
15.808977018220418,20.097856773645276,62.627,15.9675539304134,G  33-35A,M1.5,126.70122597355567,-42.687528273098806,3650.0,0.46,0.47,31.9,True
15.809565240707501,20.09834288318861,62.1,16.10305958132045,G  33-35B,M3.5,126.70193481107597,-42.68700868958507,3250.0,0.291,0.26,32.2,True
203.18585420836666,16.81086474006361,60.3012,16.583417908764666,G  63-36A,M3.5Ve,347.8592147082722,75.9375127993635,3250.0,0.291,0.26,43.1,True
203.18648482543125,16.811458061973056,60.3748,16.56320186567906,G  63-36B,M4Ve,347.8626918892288,75.9375639412832,3100.0,0.243,0.18,43.1,True
217.0732332936056,5.3127206855798,52.7452,18.959071157185868,G  65-53,M3.5Ve,353.84936478030386,58.25757927580794,3250.0,0.291,0.26,1154.6,True
217.0896634507934,5.3170278341473995,52.6975,18.976232269082974,G  65-54,M3.0Ve,353.87743218448264,58.249327550787356,3250.0,0.291,0.26,1155.7,True
17.9816069162444,4.9181058284858,63.5922,15.725199002393376,G  70-43,M3.5Ve,132.4805089844955,-57.57329787559972,3250.0,0.291,0.26,998.6,True
17.991623230057,4.9034607906881,64.6265,15.473528660843463,G  70-44,M4V,132.50296968250575,-57.58630038422759,3100.0,0.243,0.18,982.6,True
20.687376225454585,0.5344751979908333,65.5108,15.264658651703229,G  70-55A,M5V,139.42376743723784,-61.33065380070945,3000.0,0.149,0.12,27.5,True
20.688395833333335,0.5347444444444445,69.2,14.45086705202312,G  70-55B,M5V,139.42568183647754,-61.33013567369954,3000.0,0.149,0.12,26.0,True
39.19882043028959,32.07218326726973,51.1963,19.532661539994102,G  74-34A,M3.5,147.5939399120067,-25.70521843911799,3250.0,0.291,0.26,50.8,True
39.19936391688541,32.072628176788896,51.1368,19.555388682905463,G  74-34B,M3,147.59418293747876,-25.704616700121306,3250.0,0.291,0.26,50.8,True
94.294386769805,5.1173220593353,55.5416,18.004522736111312,G 106-36,M3.5V,204.44171320091542,-5.2411905157136935,3250.0,0.291,0.26,3217.4,True
167.83114972730584,43.417334789704164,59.7825,16.727303140551165,G 122-2A,M3,167.53535226675612,64.0472889124702,3250.0,0.291,0.26,60.2,True
167.83259140850333,43.41750744360222,59.8346,16.71273811473629,G 122-2B,M2.5,167.53379320740584,64.04810187359027,3500.0,0.393,0.4,60.2,True
142.2321390766871,-7.3699586028921,57.1832,17.487653716476167,G 161-34,M4.5,240.54588393384188,30.093895780303036,3100.0,0.243,0.18,622.6,True
197.3957147149423,28.9851007015511,77.813,12.85132304370735,G 164-47,M4.8V,58.87098595078907,85.58767057418127,3100.0,0.243,0.18,2441.8,True
67.79799209999999,58.977072500000006,180.4215,5.542576688476705,G 175-34A,M4.0Ve,148.1026209151618,7.311725959662389,3100.0,0.243,0.18,38.2,True
89.907299535927,58.593012550612,74.1524,13.485740178335428,G 192-11,M0.0V,154.92829452218422,16.57227801966722,3800.0,0.535,0.54,2172.6,True
89.9820195991631,58.5708920969363,74.0334,13.507416922632217,G 192-12,M4.2V,154.96646328215144,16.59812871978144,3100.0,0.243,0.18,2176.0,True
274.5141671114825,38.77618211429445,88.0473,11.357531690352799,G 204-57,M4V,66.18566997623884,22.722947600299293,3100.0,0.243,0.18,96.5,True
274.5176116426329,38.775723909101664,88.0532,11.35677067954373,G 204-58,M3V,66.1860624637629,22.720247592189807,3250.0,0.291,0.26,96.5,True
145.6451719822385,70.0338793018727,84.3568,11.854408891755021,G 236-1,M2.5V,141.86102699914943,39.420192618905354,3500.0,0.393,0.4,1047.9,True
145.7155334694653,70.0394108735893,84.1959,11.877062897361986,G 236-2,M3.5V,141.83834938727531,39.437538027257375,3250.0,0.291,0.26,1049.9,True
3.4113007329373,80.6657892532182,51.9505,19.249092886497724,G 242-48,M1.5V,121.32851684460171,17.91191313575379,3650.0,0.46,0.47,246.4,True
27.9630517977609,64.434978360552,57.7647,17.311610724196612,G 244-37,M2.5Ve,129.39341484972834,2.3238090154568876,3500.0,0.393,0.4,233.7,True
90.19418263794418,68.14141909982084,50.3718,19.85237771927944,G 249-27,M4,145.75396273552258,20.52091280617687,3100.0,0.243,0.18,1111.7,True
90.206293749175,68.15634558988084,50.3488,19.861446548875048,G 249-28,M3.5Ve,145.740987093281,20.530682731686586,3250.0,0.291,0.26,1112.2,True
1.4208450799508332,45.81037597446889,86.9402,11.502158955235897,HD     38B,M0.5V,114.65013428123179,-16.324327801854572,3800.0,0.535,0.54,51.8,True
11.451196912960416,-41.909189620979994,63.507,15.746295683940353,HD   4378A,K5Ve,307.03085202025466,-75.17420010961517,4330.0,0.672,0.66,75.6,True
11.4529517889023,-41.909617573231,63.5619,15.732695215215404,HD   4378B,K7Ve,307.0256239954453,-75.17388528755129,4070.0,0.654,0.63,75.5,True
37.2571811494007,-19.9791765215757,51.2879,19.497776278615422,HD  15468,K4.5Vk,200.41517581629677,-66.5680564569879,4540.0,0.737,0.71,9241.9,True
50.8215693086802,-49.9919206189316,51.8133,19.300063883211454,HD  21209,K3.5V,261.65779125447125,-53.1655610060797,4700.0,0.72,0.73,283.7,True
50.816206297232696,-49.9940952368306,51.8098,19.30136769491486,HD  21209B,K8Vk:,261.6634478163529,-53.16782307233541,4000.0,0.587,0.59,283.7,True
59.3695788391016,-1.1594643180989,65.355,15.301048121796342,HD  24916,K4V,190.74964885570694,-38.43416638977584,4540.0,0.737,0.71,168.3,True
79.80261017803457,-3.0733986866758336,57.979,17.247624139774747,HD  34673B,M2:,204.84132628149433,-21.87020957045475,3500.0,0.393,0.4,25.9,True
85.3347322015505,53.4810585082928,81.43,12.280486307257766,HD  37394,K1,158.38449208463064,11.945289569836094,5140.0,0.809,0.82,1197.3,True
115.0120892303599,-3.6036747115083,71.0801,14.068635243900895,HD  61606B,K7V,221.7721966105616,9.10973880015759,4070.0,0.654,0.63,810.4,True
119.445477208476,-60.3030698850463,61.7309,16.199342630676046,HD  65907,F9.5V,273.3842957966625,-15.678201112815918,6000.0,1.18,1.11,972.0,True
133.853305671515,70.79431358159862,86.3786,11.576941510976097,HD  75632A,M1V,143.21022648604438,35.54671465192514,3650.0,0.46,0.47,39.4,True
133.85383691378496,70.79393901084944,86.321,11.58466653537378,HD  75632B,M1V,143.21058349836755,35.54700870234969,3650.0,0.46,0.47,39.4,True
135.322820733425,15.265765890625001,54.131,18.473702684229,HD  77175A,K5,213.0576972145293,35.51477681909317,4330.0,0.672,0.66,75.7,True
138.5948977165475,52.6866091224324,157.8796,6.333940547100449,HD  79210,K7V,164.93551062943573,42.6674954332757,4070.0,0.654,0.63,107.7,True
138.6028460872356,52.6863628112122,157.8851,6.333719901371314,HD  79211,M0V,164.9346184391098,42.67227502850346,3800.0,0.535,0.54,107.7,True
143.1823309847715,26.988530058964,55.3165,18.077788724883174,HD  82443,G9V(k),201.2106520357257,46.06432295894424,5340.0,0.876,0.9,1175.1,True
143.2010094378802,26.9954932803558,55.2591,18.096566900293347,HD  82443B,M5.5V,201.2058464420129,46.08205395762245,3000.0,0.149,0.12,1176.3,True
167.7715497259945,30.4460180440292,84.0803,11.893392387991005,HD  97101,K7V,198.36954337524293,67.81033620558527,4070.0,0.654,0.63,405.6,True
167.76057319163624,30.444810320659442,84.1971,11.876893622226893,HD  97101B,M2V,198.37375249011677,67.80092987844621,3500.0,0.393,0.4,405.0,True
168.79959707819458,73.47520523336473,69.1217,14.467236772243737,HD  97584A,K4V,131.89987208213938,41.93575646612238,4540.0,0.737,0.71,416.7,True
170.36108102143623,-20.45383068879389,76.4165,13.086179032015337,HD  98712A,K7V,275.99987455137034,37.66669584736786,4070.0,0.654,0.63,49.7,True
170.3607844866749,-20.4526093831594,76.3549,13.096736424250441,HD  98712B,M2.5Ve,275.9988938971735,37.66767880375377,3500.0,0.393,0.4,49.8,True
171.1682759529621,-61.647586629305,82.5253,12.117496089078138,HD  99279A,K5-V,292.82248133209845,-0.4906915449141856,4330.0,0.672,0.66,48.5,True
171.1644536903785,-61.6484073191821,85.5929,11.683212042120315,HD  99279B,K7-V(k),292.82103716688476,-0.4920637029570234,4070.0,0.654,0.63,46.7,True
192.0446070658658,-24.8066021151088,53.376,18.735011990407674,HD 111261,K4V,301.99248605041004,38.05919988601789,4540.0,0.737,0.71,224.8,True
