P-pop/StarCatalogs/LTC3_old1.csv
# %ECSV 0.9
# ---
# datatype:
# - name: sim_ra
#   unit: deg
#   datatype: float64
#   description: Right ascension
#   meta: !!omap
#   - {ucd: pos.eq.ra;meta.main}
# - name: sim_dec
#   unit: deg
#   datatype: float64
#   description: Declination
#   meta: !!omap
#   - {ucd: pos.eq.dec;meta.main}
# - name: sim_plx
#   unit: mas
#   datatype: float64
#   description: Parallax
#   meta: !!omap
#   - {ucd: pos.parallax.trig}
# - name: distance
#   datatype: float64
#   meta: !!omap
#   - {ucd: pos.parallax.trig}
# - {name: sim_name, datatype: string}
# - {name: sim_sptype, datatype: string}
# - {name: gal_coord_l, unit: deg, datatype: float64}
# - {name: gal_coord_b, unit: deg, datatype: float64}
# - {name: mod_Teff, unit: K, datatype: float64}
# - {name: mod_R, unit: solRad, datatype: float64}
# - {name: mod_M, unit: solMass, datatype: float64}
# - {name: sep_phys, unit: AU, datatype: float64}
# - {name: binary_flag, datatype: bool}
# delimiter: ','
# meta: !!omap
# - {ID: result_1589263939298}
# - {name: result_1589263939298}
# schema: astropy-2.0
sim_ra,sim_dec,sim_plx,distance,sim_name,sim_sptype,gal_coord_l,gal_coord_b,mod_Teff,mod_R,mod_M,sep_phys,binary_flag
[from data line 1793]
164.1201092,7.014539999999999,413.13,2.420545590976206,Wolf  359,M6Ve,244.0541990815837,56.119314488587584,2710.0,0.129,0.097,nan,False
172.234410152793,10.1775697494207,78.088,12.806064952361439,Wolf  398,M4V,250.09166918663874,64.21205375561152,3100.0,0.243,0.18,nan,False
187.2400157481729,8.4253053087358,68.6214,14.572713468393243,Wolf  414,M4V,286.0157393642316,70.5552320438892,3100.0,0.243,0.18,nan,False
188.3223395,9.021053400000001,227.9,4.3878894251864855,Wolf  424,M5.5V,288.75969643542095,71.39170132545988,3000.0,0.149,0.12,nan,False
188.7529394686873,9.828490847887199,55.0431,18.167581404390376,Wolf  427,M1V,289.53351734008675,72.27159430542956,3650.0,0.46,0.47,nan,False
189.718504046134,11.6961516024479,70.2164,14.241687127223841,Wolf  433,M3.5Ve,291.5037116603273,74.2884631590653,3250.0,0.291,0.26,nan,False
191.9859372154997,9.7513977564889,123.8215,8.07614186550801,Wolf  437,M3.5Ve,300.0513088731611,72.6035991539011,3250.0,0.291,0.26,nan,False
195.1396710350264,5.6855564613361995,116.8096,8.560940196696162,Wolf  461,M4.5Ve,309.11890231584937,68.44766929371134,3100.0,0.243,0.18,nan,False
214.7958915788283,-7.30330805563,56.8905,17.577627196104796,Wolf  534,M3,337.755665219984,49.54262615148369,3250.0,0.291,0.26,nan,False
237.5467071056172,0.9590939095782,59.2079,16.889638038167202,Wolf  587,M3.0Ve,9.191893938608217,39.81318163304483,3250.0,0.291,0.26,nan,False
257.8947825062413,38.4427540590123,83.1461,12.027022313734498,Wolf  654,M4V,62.4852248340379,35.28914754827124,3100.0,0.243,0.18,nan,False
314.1941543330863,-10.4485414480835,62.1155,16.099041302090463,Wolf  896,M2.5,37.817219934701626,-32.53707360783557,3500.0,0.393,0.4,nan,False
315.4943374302661,-6.3187436079594,69.1402,14.463365740914838,Wolf  906,M2.5V,42.85700540385057,-31.818167837559685,3500.0,0.393,0.4,nan,False
317.3226145743442,-13.3025053154828,84.7044,11.80576215639329,Wolf  918,M1V,36.23643219975784,-36.51465322115477,3650.0,0.46,0.47,nan,False
321.8202365365934,-6.8442729971921,59.5252,16.79960756116737,Wolf  920,M0V,45.95830980805157,-37.587043080930826,3800.0,0.535,0.54,nan,False
322.8273709538331,-9.7906895203813,134.0831,7.458061455918009,Wolf  922,M4.5V,43.2353231188662,-39.85930320088504,3100.0,0.243,0.18,nan,False
323.4537766658647,-6.8528771166258,59.6302,16.770025926460082,Wolf  923,M3.5,46.962222235255666,-39.0047542571428,3250.0,0.291,0.26,nan,False
323.7097460241919,51.5371106770549,56.7717,17.61440999652996,Wolf  926,M2.5Ve,94.86478371314475,-0.2891867085982192,3500.0,0.393,0.4,nan,False
326.2532296783725,-5.7870386123195,59.8357,16.7124308732078,Wolf  937,M3.5,49.9973262598812,-40.865870293057604,3250.0,0.291,0.26,nan,False
326.7343455346276,46.6350633557463,58.4369,17.112475165520415,Wolf  944,M3.5,93.12489913118354,-5.281517219841917,3250.0,0.291,0.26,nan,False
331.6931811902845,3.4177389216552,56.6541,17.65097318640663,Wolf  990,M4,63.98961749643739,-39.91195724574452,3100.0,0.243,0.18,nan,False
333.1497682477591,8.5532220686692,62.781,15.928385976648986,Wolf 1014,M3.0Ve,70.11423470771052,-37.533688566855766,3250.0,0.291,0.26,nan,False
335.0552498544291,6.7255500612607,55.4223,18.043278608069315,Wolf 1034,M3.0V,70.12974170829582,-40.16173129677138,3250.0,0.291,0.26,nan,False
353.5138930412085,0.179409989519,71.3741,14.010684548036332,Wolf 1039,M2/3V,85.51583186681835,-56.96159958260704,3500.0,0.393,0.4,nan,False
359.6360712476354,7.658367971203056,60.8469,16.434691003157106,Wolf 1051,M3.0Ve,100.83995257476587,-52.92959377120794,3250.0,0.291,0.26,nan,False
9.7460151614545,30.6162186925548,78.9551,12.665426299251093,Wolf 1056,M2.5V,119.76614097498228,-32.17896479254817,3500.0,0.393,0.4,nan,False
288.0608987072861,2.8865106083781003,106.2794,9.409161135648112,Wolf 1062,M3.5V,37.879657651315696,-3.3031653535308925,3250.0,0.291,0.26,nan,False
306.5220918451393,58.5729664911943,104.3181,9.58606416336187,Wolf 1069,M4.95,93.7415067159298,11.703455701625218,3100.0,0.243,0.18,nan,False
293.729262995246,53.2565589643243,65.7479,15.209611257545868,Wolf 1108,M2.5Ve,85.39445055705127,15.366210080243324,3500.0,0.393,0.4,nan,False
336.2572264634114,35.6688025954086,52.0956,19.195479080766898,Wolf 1231,M2.0Ve,92.24788770982721,-18.334153793603683,3500.0,0.393,0.4,nan,False
54.8738079372367,24.9673654811142,62.5427,15.98907626309705,Wolf 1246,M3.5V,164.55806183026257,-24.014970770921902,3250.0,0.291,0.26,nan,False
314.3556485750504,22.3627244190927,69.3112,14.427682683318137,Wolf 1373,M3V,68.26085999919388,-14.863122653530795,3250.0,0.291,0.26,nan,False
117.068274442903,20.3681256868351,68.0346,14.69840345941624,Wolf 1421,M1.5Ve,200.2302038047161,21.31529436240527,3650.0,0.46,0.47,nan,False
82.4667589113033,-3.4416857077053002,57.7585,17.313469013218835,Wolf 1450,M3,206.51827957739303,-19.69015835635192,3250.0,0.291,0.26,nan,False
84.0003266418994,-7.6495644285871,66.3041,15.082023585268482,Wolf 1457,M4,211.24559438742614,-20.231850320769475,3100.0,0.243,0.18,nan,False
280.07432831443464,-10.465326213524166,56.3274,17.753349169320792,Wolf 1466,M1,22.352692796054715,-2.3095984124004443,3650.0,0.46,0.47,nan,False
217.7548354450672,-12.2960966942961,92.0697,10.861336574356168,Wolf 1478,M4,337.6473069667194,43.761776762628294,3100.0,0.243,0.18,nan,False
207.2025271268067,4.1006463367715,61.1599,16.35058265301284,Wolf 1494,M4,336.1736513951916,63.20770764172668,3100.0,0.243,0.18,nan,False
73.02388462878959,6.476552639887777,80.9036,12.360389401707712,Wolf 1539,M2V,192.22581413879297,-22.862526120523114,3500.0,0.393,0.4,nan,False
332.9869374,-7.7158723,78.6,12.722646310432571,Wolf 1555,M0,52.61864014387471,-47.56793311023129,3800.0,0.535,0.54,nan,False
47.8144882431639,1.1085770428091,59.2031,16.89100739657214,[BHR2005] 832-2,M5.5V,178.62381686257507,-46.0939306005202,3000.0,0.149,0.12,nan,False
47.8144882431639,1.1085770428091,59.2031,16.89100739657214,[BHR2005] 832-2,M5.5V,178.62381686257507,-46.0939306005202,3000.0,0.149,0.12,nan,False
