P-pop/StarCatalogs/LTC3_old1.csv
# %ECSV 0.9
# ---
# datatype:
# - name: sim_ra
#   unit: deg
#   datatype: float64
#   description: Right ascension
#   meta: !!omap
#   - {ucd: pos.eq.ra;meta.main}
# - name: sim_dec
#   unit: deg
#   datatype: float64
#   description: Declination
#   meta: !!omap
#   - {ucd: pos.eq.dec;meta.main}
# - name: sim_plx
#   unit: mas
#   datatype: float64
#   description: Parallax
#   meta: !!omap
#   - {ucd: pos.parallax.trig}
# - name: distance
#   datatype: float64
#   meta: !!omap
#   - {ucd: pos.parallax.trig}
# - {name: sim_name, datatype: string}
# - {name: sim_sptype, datatype: string}
# - {name: gal_coord_l, unit: deg, datatype: float64}
# - {name: gal_coord_b, unit: deg, datatype: float64}
# - {name: mod_Teff, unit: K, datatype: float64}
# - {name: mod_R, unit: solRad, datatype: float64}
# - {name: mod_M, unit: solMass, datatype: float64}
# - {name: sep_phys, unit: AU, datatype: float64}
# - {name: binary_flag, datatype: bool}
# delimiter: ','
# meta: !!omap
# - {ID: result_1589263939298}
# - {name: result_1589263939298}
# schema: astropy-2.0
sim_ra,sim_dec,sim_plx,distance,sim_name,sim_sptype,gal_coord_l,gal_coord_b,mod_Teff,mod_R,mod_M,sep_phys,binary_flag
[from data line 332]
134.2695068601117,11.6468884771676,58.4208,17.11719113740312,BD+12  1944,M1V,216.56519101343005,33.115537029509355,3650.0,0.46,0.47,nan,False
195.1940011736866,12.3757546664125,86.857,11.513176830882946,BD+13  2618,M0V,311.82510682055494,75.08602691302168,3800.0,0.535,0.54,nan,False
274.0093776655749,13.9133902220479,54.761,18.261171271525356,BD+13  3578,K7V,41.581933451319024,14.037139104074317,4070.0,0.654,0.63,nan,False
217.373738895634,15.5326385317486,70.1774,14.249601723631823,BD+16  2658,M2/3V,10.946113932311775,64.46143914552118,3500.0,0.393,0.4,nan,False
221.597009882395,16.4966991577585,56.3208,17.755429610374854,BD+17  2785,K5V,17.1100697141506,61.369453549892064,4330.0,0.672,0.66,nan,False
206.2711704713181,17.7854356666902,77.4471,12.912039314577305,BD+18  2776,M1V,358.66042692315546,74.49849157640648,3650.0,0.46,0.47,nan,False
264.4722780949373,18.5917113164897,122.5609,8.159209013641382,BD+18  3421,M1.5Ve,42.24019340797106,24.296750760075685,3650.0,0.46,0.47,nan,False
38.9721119985001,20.2198842608431,71.1607,14.05270043717951,BD+19   381,M3V,153.76925810547235,-36.32036665173369,3250.0,0.291,0.26,nan,False
258.9588125,19.00002,73.13,13.674278681799535,BD+19  3268,M0.5Ve,40.5145653118121,29.30046962451019,3800.0,0.535,0.54,nan,False
154.9011700102722,19.8700038993739,201.3683,4.966024940370455,BD+20  2465,M4Vae,216.45602137973145,54.58002462377766,3100.0,0.243,0.18,nan,False
172.9308030361219,22.6671396832185,63.191,15.82503837571806,BD+23  2359,M2V,222.42362106081032,71.40429159402241,3500.0,0.393,0.4,nan,False
226.8482663131942,24.9355188698528,52.5185,19.04090939383265,BD+25  2874,K5V,36.587117442609234,59.47244399807585,4330.0,0.672,0.66,nan,False
254.53687413905624,25.744158644514446,96.3141,10.382695783898724,BD+25  3173,M2V,46.52380218665538,35.33734276799317,3500.0,0.393,0.4,nan,False
121.4937712875188,26.2813567760097,54.436,18.37019619369535,BD+26  1715,M0,195.70565713320275,27.185923191969525,3800.0,0.535,0.54,nan,False
358.2857979005622,29.018065183702,50.2231,19.911156420053718,BD+28  4660,K6V,107.86961245171001,-32.142930771630986,4190.0,0.656,0.64,nan,False
215.4884010248992,29.6296158774174,68.8608,14.522050281146894,BD+30  2512,K6V,45.43367431037633,69.96632818358934,4190.0,0.656,0.64,nan,False
43.0297387351705,34.3893519352817,67.7365,14.763089324071954,BD+33   529,K4,149.53770229614713,-22.172669978164578,4540.0,0.737,0.71,nan,False
200.2418649936157,34.278944076625,60.0765,16.645443725916124,BD+35  2439,M1V,83.16955925929437,80.44483459136256,3650.0,0.46,0.47,nan,False
142.9847203474774,36.3202294003036,73.6683,13.574359663518772,BD+36  1970,M1V,187.69694040173727,47.07184052065135,3650.0,0.46,0.47,nan,False
204.3698691881367,35.7177624393468,91.2519,10.958675928939561,BD+36  2393,K7.5Ve,76.99536799799365,76.96984164006402,4070.0,0.654,0.63,nan,False
161.3395282827953,38.5117510519221,72.9871,13.701051281664842,BD+39  2376,K7/M0V,181.49970034929223,61.35182731642721,4070.0,0.654,0.63,nan,False
4.2765577931941,40.9482969960645,68.0351,14.698295438677977,BD+40    45,K7,115.97531082116318,-21.45924854060414,4070.0,0.654,0.63,nan,False
326.1248403916435,41.5974618233972,50.4206,19.833163429233288,BD+40  4631,K8V,89.49052100162486,-8.82599498191947,4000.0,0.587,0.59,nan,False
245.2197490574503,40.9614499626743,63.3463,15.786241658944563,BD+41  2695,K5V,64.89675307555166,45.18231871287724,4330.0,0.672,0.66,nan,False
265.9831796244703,43.3786113050716,104.9848,9.525188408226715,BD+43  2796,M2V,69.4521171930236,30.064053448138676,3500.0,0.393,0.4,nan,False
311.2670799036872,44.4990676087403,82.9968,12.048657297630752,BD+44  3567,M2V,84.06807239075076,1.0084721171460154,3500.0,0.393,0.4,nan,False
1.2953715719173,45.7865665416143,86.9567,11.49997642504833,BD+44  4548,M2Ve,114.55596398327671,-16.331550707365146,3500.0,0.393,0.4,nan,False
225.2315336570959,45.4262711182298,85.3753,11.712989588323556,BD+45  2247,M0V,76.99648257388358,58.46973485687314,3800.0,0.535,0.54,nan,False
274.129526524418,45.557853335804,57.3252,17.444335126610984,BD+45  2688,M0V,73.23343696154888,24.843100523943566,3800.0,0.535,0.54,nan,False
359.6812006710607,46.7290936826221,58.4067,17.121323409814284,BD+45  4378,K7V,113.61330036568555,-15.186669170359105,4070.0,0.654,0.63,nan,False
157.850904424563,45.5260502374637,62.4489,16.013092304267968,BD+46  1635,K7V,170.03795306873033,56.72780684931224,4070.0,0.654,0.63,nan,False
204.85042696604,46.1864901120849,74.8051,13.36807249773077,BD+46  1889,M1.0V,99.59700538505143,68.70817179423486,3650.0,0.46,0.47,nan,False
35.5610169563258,47.8800306207852,83.7829,11.935609772399857,BD+47   612,M0V,138.2919896307155,-12.265149901520626,3800.0,0.535,0.54,nan,False
150.5906318507039,48.0888019903467,66.8407,14.960944454501524,BD+48  1829,M1V,168.73164124827198,51.19260551404589,3650.0,0.46,0.47,nan,False
74.7107282981073,49.8492870661492,60.168,16.62013030182157,BD+49  1280,M0.0Ve,157.7006892683612,4.462349504431006,3800.0,0.535,0.54,nan,False
75.8495892084684,53.1284688448053,72.1506,13.859898600981836,BD+52   911,M0.5Ve,155.52152694979608,7.022565593892703,3800.0,0.535,0.54,nan,False
157.9301015640446,57.1158632533999,56.9607,17.55596402431852,BD+57  1274,K5V,152.6592180676194,51.17705323367124,4330.0,0.672,0.66,nan,False
351.1271437834722,57.8543102144348,75.5654,13.233569861338655,BD+57  2735,M1.5Ve,111.55296688046614,-3.0840889502731894,3650.0,0.46,0.47,nan,False
263.8936608118129,61.6815629389492,69.8254,14.321436039034506,BD+61  1678C,M1V,90.76030636916407,32.5901294640749,3650.0,0.46,0.47,nan,False
86.4511504789031,62.2367739070248,73.998,13.513878753479823,BD+62   780,K7V,150.73159309775795,16.641476420500815,4070.0,0.654,0.63,nan,False
16.7841584992869,63.9413268220948,66.3671,15.067706740237258,BD+63   137,K7V,124.65524570531521,1.122120735156019,4070.0,0.654,0.63,nan,False
149.0361300909076,62.7884632335081,94.9397,10.533001473566905,BD+63   869,M0.5Ve,149.21813241383066,44.35790438020171,3800.0,0.535,0.54,nan,False
133.0014498407487,66.1314969083332,60.5523,16.51464931967902,BD+66   582,K5,148.8137977640482,36.71397202371045,4330.0,0.672,0.66,nan,False
129.1060251164337,67.2949587683307,71.0957,14.065548268038714,BD+67   552,M0.5Ve,147.90912002725744,34.92929731599868,3800.0,0.535,0.54,nan,False
264.1079132082267,68.3391400377617,219.7807,4.549990058271723,BD+68   946,M3.0V,98.60232667573618,31.964082144921356,3250.0,0.291,0.26,nan,False
146.7020258344277,76.0439173253895,63.3142,15.794245208815717,BD+76  3952,M1.5Ve,135.38720992366004,36.24249988206683,3650.0,0.46,0.47,nan,False
212.0540892037149,80.5972756116989,58.1724,17.19028267700834,BD+81   465,M3V,119.1271536507653,35.95673119313416,3250.0,0.291,0.26,nan,False
355.2416128048552,82.872040808799,51.0042,19.606228506672,BD+82   733,K2,120.636725837183,20.316440029616206,4990.0,0.742,0.76,nan,False
114.0294993657403,-3.1107753767804,71.0791,14.068833173183116,BD-02  2198,M1.0V,220.86450911776083,8.476902281699603,3650.0,0.46,0.47,nan,False
148.299102695801,-3.6901250256453,62.9785,15.87843470390689,BD-02  3000,M2V,241.5152365060321,37.11844565448608,3500.0,0.393,0.4,nan,False
230.5170838338389,-4.7774525511489,52.1506,19.175234800750136,BD-04  3873,K4V,357.45724683682954,41.617697751514676,4540.0,0.737,0.71,nan,False
100.0582722104585,-5.8731593364409,84.7216,11.803365375535874,BD-05  1737,M2,216.8989527198338,-5.15931311871426,3500.0,0.393,0.4,nan,False
255.7066099522813,-6.068403176875,50.5263,19.79167285156443,BD-05  4394,M0,14.143377894430072,20.83511322204974,3800.0,0.535,0.54,nan,False
332.41810156443626,-4.640736463082778,113.6,8.802816901408452,BD-05  5715,M3.5V,55.89060285128393,-45.39911795626727,3250.0,0.291,0.26,nan,False
213.3799752563939,-6.9589828671119,54.6849,18.286583682149917,BD-06  3950,M0V,336.132155299701,50.54543009672528,3800.0,0.535,0.54,nan,False
358.9157583951831,-6.1425985647904,56.1438,17.811405711761584,BD-06  6318,M2.5Vk,88.13635553548784,-65.17512987580783,3500.0,0.393,0.4,nan,False
58.6477755897279,-6.8260147641867,63.7059,15.697133232557738,BD-07   699,K5V,196.49721687105335,-42.09761774507654,4330.0,0.672,0.66,nan,False
229.8617797234025,-7.722275266326667,158.7492,6.299244342648656,BD-07  4003,M3V,354.077626132717,40.01869615592892,3250.0,0.291,0.26,nan,False
239.9724231767822,-8.2532060250746,75.2306,13.292463439079311,BD-07  4156,M1V,1.9798316209756155,32.273252447528094,3650.0,0.46,0.47,nan,False
136.6889570122471,-8.8068365959072,68.8876,14.51640062943113,BD-08  2582,K7V,238.17968032949122,24.82337923892404,4070.0,0.654,0.63,nan,False
70.12192044534892,-9.196105379898642,50.8,19.68503937007874,BD-09   956,M0V,205.98381868034446,-33.228873900655,3800.0,0.535,0.54,nan,False
156.295154556657,-10.2286915440851,78.0003,12.82046351103778,BD-09  3070,M1V,254.42018479180308,38.49855130979934,3650.0,0.46,0.47,nan,False
69.4244410575939,-11.0388806444863,89.1708,11.214433424394533,BD-11   916,M1V,207.61798472089941,-34.65348616197707,3650.0,0.46,0.47,nan,False
147.7901670392818,-12.3298545001099,76.2323,13.117799148130125,BD-11  2741,M1,249.04877975582264,31.11023952498611,3650.0,0.46,0.47,nan,False
218.5700481670775,-12.5195603769259,160.1141,6.245546144905414,BD-11  3759,M3.5V,338.4201804289739,43.15423884350838,3250.0,0.291,0.26,nan,False
247.57524250445124,-12.662589787552221,232.2095,4.306456023547701,BD-12  4523,M3V,3.3517072071453553,23.679929487434368,3250.0,0.291,0.26,nan,False
169.09227671107,-14.6933763281128,54.731,18.271180866419396,BD-13  3333,K7V,271.15871069282474,42.23812005101982,4070.0,0.654,0.63,nan,False
280.2387824751417,-13.3796097223624,58.9132,16.974124644392088,BD-13  5069,M1,19.827800788993628,-3.780038800215979,3650.0,0.46,0.47,nan,False
252.1915027623065,-15.7389329264377,52.7356,18.96252247058913,BD-15  4394,M1.5Vk:,3.5959450785530356,18.25471722670883,3650.0,0.46,0.47,nan,False
343.3197179614233,-14.263695391648888,213.8669,4.675805372406857,BD-15  6290,M3.5V,52.004058973149775,-59.63008813173492,3250.0,0.291,0.26,nan,False
354.5339865599042,-16.236167389057,76.0557,13.148258447427345,BD-17  6785,M2V,61.84838009494111,-69.82603004224566,3500.0,0.393,0.4,nan,False
161.41287891416835,-19.11436506316167,53.1593,18.811383897079157,BD-18  3019,M0V,266.1347720123706,34.617662265018005,3800.0,0.535,0.54,nan,False
166.865425323186,-19.2914876796619,53.3991,18.72690738233416,BD-18  3106,K5V,271.65085594579415,37.18522392023261,4330.0,0.672,0.66,nan,False
310.7381270170259,-18.9183582646309,52.492,19.05052198430237,BD-19  5899,M1.5,27.00209803553331,-32.787027105276806,3650.0,0.46,0.47,nan,False
246.3041926140236,-21.9373623424054,53.8069,18.584977019675915,BD-21  4352,M0V,354.8241349646086,18.744088546492563,3800.0,0.535,0.54,nan,False
3.991965779217,-16.616005030884,55.9448,17.874762265661868,BPS CS 31060-0015,M4.1V,83.12113492316386,-76.66110643092826,3100.0,0.243,0.18,nan,False
186.2174414772983,-12.6432523168304,58.1118,17.208209004023278,BR B1222-1221,M8e,292.8807428518883,49.709288740600314,2440.0,0.107,0.081,nan,False
23.1091760555186,-21.905122470231,53.7324,18.610745099790815,CD-22   526,M1.5Vk:,185.88654485177074,-79.31778237864029,3650.0,0.46,0.47,nan,False
167.3806042228062,-24.5986439411765,92.7821,10.777941003706534,CD-23  9765,M2V,275.22359581531214,32.73193189173278,3500.0,0.393,0.4,nan,False
173.6581564117301,-23.8708755642692,54.7349,18.26987899859139,CD-23 10062,M0V,281.18428934140377,35.73634939888733,3800.0,0.535,0.54,nan,False
118.5453448788114,-25.3031723868941,56.1868,17.797774566268235,CD-24  6144,M0,242.4019069225727,1.2974817300512598,3800.0,0.535,0.54,nan,False
245.7818476005308,-24.7097851908665,60.4687,16.537481374661603,CD-24 12677,M2V,352.3058486490238,17.26725842012751,3500.0,0.393,0.4,nan,False
345.1391770652816,-23.9528647541003,50.7782,19.69349051364562,CD-24 17443,M1:V,33.95156212506169,-64.83897294443366,3650.0,0.46,0.47,nan,False
345.1524635574263,-23.9696311932672,50.757,19.701716019465294,CD-24 17445,M2V,33.919649603647336,-64.85461084025532,3500.0,0.393,0.4,nan,False
338.50198812499997,-25.24242338888889,62.2,16.077170418006432,CD-25 15988,M2+Vk,28.5573992665587,-59.20574351693571,3500.0,0.393,0.4,nan,False
103.07115456837917,-26.387304819627776,56.6538,17.6510666539579,CD-26  3506,M2,236.83656000955435,-11.520030770021698,3500.0,0.393,0.4,nan,False
347.5656010809323,-25.9313067424387,67.0946,14.904329111433707,CD-26 16501,M2V,30.186549241024746,-67.37577280593686,3500.0,0.393,0.4,nan,False
169.2812789286628,-27.8135307893965,56.609,17.665035595046724,CD-27  7978,K7,278.6687331133507,30.576723578016036,4070.0,0.654,0.63,nan,False
201.4535282104162,-28.3739868746954,64.9851,15.388142820431144,CD-27  9225,M1,312.0452053764835,33.888717502921665,3650.0,0.46,0.47,nan,False
282.5881788445884,-26.9236348034903,56.6218,17.661042213423098,CD-27 13268,K8Vk,8.507101703438945,-11.695668326619293,4000.0,0.587,0.59,nan,False
14.6164142525119,-27.8570464612939,83.5181,11.97345246120302,CD-28   302,M3V,238.39723775379957,-88.2795224402949,3250.0,0.291,0.26,nan,False
71.8445042646505,-27.8414754949961,63.8232,15.668283633537648,CD-28  1745,M0V,228.2724932279137,-38.20305753516405,3800.0,0.535,0.54,nan,False
306.9235702295308,-27.7477068471306,69.8796,14.310328049960217,CD-28 16676,M3,15.753677742885717,-32.239893585665364,3250.0,0.291,0.26,nan,False
150.2947583214952,-30.3901459479908,62.0984,16.103474485655024,CD-29  8019,M3V,264.673728119569,19.557288748344096,3250.0,0.291,0.26,nan,False
31.4523090688608,-30.1766389957867,106.7094,9.371245644713586,CD-30   731,M2.5+V,227.9120364537517,-73.42153997715668,3500.0,0.393,0.4,nan,False
212.7394193773572,-31.2903270829123,62.8839,15.902321579927454,CD-30 11219,M2V,322.2559818982072,28.580122208621344,3500.0,0.393,0.4,nan,False
173.86228087418166,-32.539967504052214,110.2908,9.066939400203825,CD-31  9113,M2V,284.883953107216,27.654731481479786,3500.0,0.393,0.4,nan,False
33.4734383870528,-32.0412423422493,78.1936,12.788770436455156,CD-32   828,M2Vk,233.23106625248442,-71.44591173156822,3500.0,0.393,0.4,nan,False
266.5600947644104,-32.102332913090834,72.2886,13.833439850820184,CD-32 13298,M2.5,357.36515139221285,-1.7612901301571335,3500.0,0.393,0.4,nan,False
301.9373951961746,-31.75399160645222,67.9318,14.720646295254948,CD-32 15723,M4Ve,9.89974598407571,-29.164934460834555,3100.0,0.243,0.18,nan,False
119.4521627783676,-33.952010997632,51.4977,19.418342955122267,CD-33  4354,K4.5Vk:,250.2077101120739,-2.5130568999624288,4540.0,0.737,0.71,nan,False
10.3769758749132,-33.6255645562669,50.9542,19.625467576765015,CD-34   239,K9V,320.5586388438809,-83.1595494726698,3940.0,0.552,0.56,nan,False
35.6066921306092,-34.5550685208221,51.4364,19.441485018391646,CD-35   818,M1,239.3880237967063,-69.16355459843223,3650.0,0.46,0.47,nan,False
79.3454459187913,-35.365177520153,86.1869,11.602691360287933,CD-35  2213,M4Ve,239.0584801018165,-33.606007963550866,3100.0,0.243,0.18,nan,False
19.3142039975576,-35.7158925433321,57.485,17.395842393667913,CD-36   491,M2.5V,271.8923041444938,-79.80402581009116,3500.0,0.393,0.4,nan,False
86.9190791244269,-36.3285652424895,68.9811,14.496724465107109,CD-36  2458,M1.5,241.7593284612644,-27.842817789591887,3650.0,0.46,0.47,nan,False
160.2887681186825,-36.89546270837417,63.9761,15.630837140744747,CD-36  6589,M0.5,275.84016670595486,19.029819748930386,3800.0,0.535,0.54,nan,False
309.0346208132485,-36.1198649330794,59.2287,16.88370671650737,CD-36 14261,M3Ve,6.387495998623132,-35.867940684311186,3250.0,0.291,0.26,nan,False
48.12405092440375,-38.08893532412472,69.4776,14.393128144898501,CD-38  1058,M3,242.32682385131218,-58.56343995697342,3250.0,0.291,0.26,nan,False
284.9560418699191,-38.215640138091,50.7617,19.699891847593758,CD-38 13254,G0,358.5394410814231,-17.918468871160982,5920.0,1.12,1.08,nan,False
99.0761665384013,-40.0065616275003,52.804,18.937959245511703,CD-39  2700,K8Vk,248.62693131241286,-19.762489012329205,4000.0,0.587,0.59,nan,False
