P-pop/StarCatalogs/LTC3_old1.csv
# %ECSV 0.9
# ---
# datatype:
# - name: sim_ra
#   unit: deg
#   datatype: float64
#   description: Right ascension
#   meta: !!omap
#   - {ucd: pos.eq.ra;meta.main}
# - name: sim_dec
#   unit: deg
#   datatype: float64
#   description: Declination
#   meta: !!omap
#   - {ucd: pos.eq.dec;meta.main}
# - name: sim_plx
#   unit: mas
#   datatype: float64
#   description: Parallax
#   meta: !!omap
#   - {ucd: pos.parallax.trig}
# - name: distance
#   datatype: float64
#   meta: !!omap
#   - {ucd: pos.parallax.trig}
# - {name: sim_name, datatype: string}
# - {name: sim_sptype, datatype: string}
# - {name: gal_coord_l, unit: deg, datatype: float64}
# - {name: gal_coord_b, unit: deg, datatype: float64}
# - {name: mod_Teff, unit: K, datatype: float64}
# - {name: mod_R, unit: solRad, datatype: float64}
# - {name: mod_M, unit: solMass, datatype: float64}
# - {name: sep_phys, unit: AU, datatype: float64}
# - {name: binary_flag, datatype: bool}
# delimiter: ','
# meta: !!omap
# - {ID: result_1589263939298}
# - {name: result_1589263939298}
# schema: astropy-2.0
sim_ra,sim_dec,sim_plx,distance,sim_name,sim_sptype,gal_coord_l,gal_coord_b,mod_Teff,mod_R,mod_M,sep_phys,binary_flag
[from data line 224]
12.2716335236082,57.8178251160587,168.7521,5.92585218198766,* eta Cas B,K7Ve,122.61761435328867,-5.052487457155546,4070.0,0.654,0.63,nan,False
188.0176105425,-16.19600457583333,54.7,18.281535648994513,* eta Crv,F2V,296.1792253722926,46.42165206462696,6810.0,1.61,1.44,nan,False
89.10122085083334,-14.16769969,67.21,14.878738282993604,* eta Lep,F2V,219.75528366357747,-18.47139335355753,6810.0,1.61,1.44,nan,False
235.29740413375,-44.661206336944446,57.35,17.436791630340018,* g Lup,F3/5V,331.95810042504155,8.433549293087834,6720.0,1.6,1.43,nan,False
235.29740413375,-44.661206336944446,57.35,17.436791630340018,* g Lup,F3/5V,331.95810042504155,8.433549293087834,6720.0,1.6,1.43,nan,False
235.29740413375,-44.661206336944446,57.35,17.436791630340018,* g Lup,F3/5V,331.95810042504155,8.433549293087834,6720.0,1.6,1.43,nan,False
321.6108534883333,-65.36619846777778,107.97,9.261831990367694,* gam Pav,F9VFe-1.4CH-0.7,328.15658657742665,-40.292191117020856,6000.0,1.18,1.11,nan,False
239.11326122833333,15.661616805555555,88.86,11.253657438667567,* gam Ser,F6V,27.72945368364349,45.69594615725082,6340.0,1.36,1.25,nan,False
40.639443682844174,-50.80029339504166,57.7143,17.32672838447317,* iot Hor,F8V,268.8095921191695,-58.323624318286846,6170.0,1.25,1.18,nan,False
272.6089632387432,-62.0022386929854,56.328,17.753160062491123,* iot Pav,G0V,332.20979285607774,-19.163856415211743,5920.0,1.12,1.08,nan,False
47.26674942875,49.61327767722222,94.87,10.540739959945189,* iot Per,G0V,144.59778221322955,-7.3801800946527445,5920.0,1.12,1.08,nan,False
354.9876724016666,5.626290980277778,72.92,13.713658804168952,* iot Psc,F7V,92.46382910046253,-52.96398901572617,6240.0,1.3,1.21,nan,False
49.840401335416665,3.3701986497222225,109.41,9.139932364500503,* kap01 Cet,G5V,178.22327473576814,-43.07215234343388,5660.0,0.982,0.98,nan,False
260.2515633370833,-21.112935078611113,57.62,17.355085039916695,* ksi Oph,F2V,3.5900445455534724,8.911950907460039,6810.0,1.61,1.44,nan,False
260.2522318863117,-21.11196308973528,57.2619,17.463618915893466,* ksi Oph B,K3?,3.591213335670925,8.9119719945487,4700.0,0.72,0.73,nan,False
76.8625251547401,18.6450499826505,62.9467,15.886456319394027,* m Tau,G4V,183.83745753698355,-12.935197704579524,5680.0,0.986,0.99,nan,False
220.76509509083334,-5.658203531111112,54.73,18.27151470856934,* mu. Vir,F2V,346.55096013370684,47.53677574949701,6810.0,1.61,1.44,nan,False
18.7963441219758,-45.5316687864624,65.8894,15.176948037165312,* nu. Phe,F9VFe+0.4,290.07353693357555,-70.9990710252211,6000.0,1.18,1.11,nan,False
230.45062965463,-48.317628467770284,68.0818,14.688213296358205,* nu.02 Lup,G3/5V,327.0772501240771,7.378200662961288,5720.0,1.01,1.0,nan,False
297.7568489834971,10.4157208826019,51.1912,19.534607510665897,* omi Aql,F8V,49.135334223353176,-8.198238861994245,6170.0,1.25,1.18,nan,False
63.817998858333326,-7.652871690833334,200.62,4.9845479015053336,* omi02 Eri,K0V,200.75276859192334,-38.04781788202071,5240.0,0.828,0.86,nan,False
63.83974566262667,-7.655755037937222,199.4552,5.013657202218845,* omi02 Eri C,M4.5V,200.76909090771483,-38.03027969459141,3100.0,0.243,0.18,nan,False
12.5316191217328,-10.6443291141835,62.9723,15.879998030880245,* phi02 Cet,F7V,121.79646864160065,-73.51318536234656,6240.0,1.3,1.21,nan,False
84.29118800108377,-80.46911981867916,54.7052,18.279797898554435,* pi. Men,G0V,292.51349844833794,-29.776320784179624,5920.0,1.12,1.08,nan,False
72.46004544041666,6.9612745261111115,123.94,8.06842020332419,* pi.03 Ori,F6V,191.45203138665872,-23.064801864044966,6340.0,1.36,1.25,nan,False
311.52388594375,-25.270897543055554,68.13,14.677821811243213,* psi Cap,F5V,20.00368075138622,-35.50061462288271,6510.0,1.46,1.33,nan,False
236.0075788778267,2.5151668816523,67.7057,14.769805201039205,* psi Ser,G2.5V,9.698483817751944,41.96756123233322,5770.0,1.01,1.02,nan,False
101.684739813583,43.577428597025,60.067,16.648076314781825,* psi05 Aur,F9V,172.35569538787627,17.524098683027674,6000.0,1.18,1.11,nan,False
25.622145342716248,-53.74083087924167,57.6556,17.34436897716787,* q01 Eri,F9V,286.89736586827826,-61.7694148911502,6000.0,1.18,1.11,nan,False
240.26108668845416,33.30351173487027,57.2216,17.475918184741424,* rho CrB,G0+VaFe-1,53.48881546828111,48.92352393449308,5920.0,1.12,1.08,nan,False
112.27799528660326,31.784549252299783,55.41,18.047283883775492,* rho Gem,F1V,187.13369930361637,21.344792635447156,7030.0,1.64,1.5,nan,False
121.88603676458334,-24.304324429444446,51.33,19.481784531463084,* rho Pup,F5IIkF2IImF5II,243.14833235367954,4.401890819996657,6510.0,1.46,1.33,nan,False
218.6700715868679,29.7451288016606,63.8633,15.658445460851537,* sig Boo,F4VkF2mF1,45.62623291605514,67.20084694641811,6640.0,1.53,1.39,nan,False
293.0899595791667,69.66117631583333,173.77,5.754733268113022,* sig Dra,K0V,101.30332567490908,21.876955187738936,5240.0,0.828,0.86,nan,False
26.017014260833335,-15.937479597777779,273.96,3.6501679077237554,* tau Cet,G8V,173.10067783635859,-73.43972366455121,5490.0,0.909,0.94,nan,False
332.5365847481189,-32.5484098617725,54.4879,18.352698489022334,* tau PsA,F6V,14.12342097511865,-54.814196309645205,6340.0,1.36,1.25,nan,False
142.2884526654373,-2.7507926833886,55.3675,18.061136948570912,* tau01 Hya B,K0,236.2139741438435,32.86868127140342,5240.0,0.828,0.86,nan,False
294.1105598179167,50.221101270277785,54.54,18.335166850018336,* tet Cyg,F3+V,82.66771780982688,13.846994338163526,6720.0,1.6,1.43,nan,False
260.1648647479678,32.4677437077962,68.7539,14.54462946829198,* w Her,G0V,55.865790468551914,32.30908581877363,5920.0,1.12,1.08,nan,False
5.017749880416666,-64.87479298888888,116.46,8.58663918942126,* zet Tuc,F9.5V,308.32199925960873,-51.92394429725037,6000.0,1.18,1.11,nan,False
183.5361578042493,-23.754698117569,92.7952,10.776419469972586,1RXS J121408.0-234516,M4.5,292.03658912868866,38.326789650877345,3100.0,0.243,0.18,nan,False
233.2095118201316,-54.1743014623387,65.9541,15.162059674834468,1RXS J153250.6-541037,M4,325.2105379020616,1.5637625076299455,3100.0,0.243,0.18,nan,False
261.5635690989278,-3.1919329999567,53.8298,18.577070693184815,1RXS J172615.6-031131,M4.5,19.92405254560739,17.297846875379562,3100.0,0.243,0.18,nan,False
295.5534196190253,-20.763326274627,63.1119,15.844872361630692,1RXS J194213.0-204547,M5.1V,19.264725138550208,-20.15232686880434,3000.0,0.149,0.12,nan,False
274.3546898963762,48.3673142572218,50.3808,19.848831300813007,1SWASP J181725.16+482201.8,M2,76.28834649186099,25.35684406924803,3500.0,0.393,0.4,nan,False
1.2397880695242,-17.1602658141661,58.6765,17.0425979736351,2MASS J00045753-1709369,M5.5V,73.39794558035464,-75.34737583561963,3000.0,0.149,0.12,nan,False
2.8825835196601,59.1444121578052,107.4214,9.309132072380363,2MASS J00113182+5908400,M6.0V,117.82546114190362,-3.3310917944078593,2710.0,0.129,0.097,nan,False
26.6222871170555,-53.6590510815241,57.2911,17.454718097575366,2MASS J01462935-5339325,M4.5,285.6966071968378,-61.58839695837362,3100.0,0.243,0.18,nan,False
43.435307389383,-79.9870169251164,57.1011,17.512797476756138,2MASS J02534448-7959133,M5.5e,296.6864653006715,-35.61006619658806,3000.0,0.149,0.12,nan,False
52.7037110829346,54.2319889950132,95.2922,10.494038336820852,2MASS J03304890+5413551,M7V,144.93497620365883,-1.686160203741969,2600.0,0.112,0.089,nan,False
56.0867639139324,7.6985927439808,64.3825,15.532171009202813,2MASS J03442081+0741549,M5V,179.47636324726818,-35.559890774344275,3000.0,0.149,0.12,nan,False
59.3332451703664,41.1285104917147,70.8564,14.11305118521404,2MASS J03571999+4107426,M7V,156.53447815856123,-9.308618820595346,2600.0,0.112,0.089,nan,False
64.9672181224041,42.5584517198802,97.9503,10.20925918552572,2MASS J04195212+4233304,M8/9V,158.65643999755358,-5.40679647413323,2440.0,0.107,0.081,nan,False
66.048193421984,-23.9434061110171,64.9699,15.391742945579416,2MASS J04241156-2356365,M2.5,221.59467134411452,-42.254803897037995,3500.0,0.393,0.4,nan,False
67.3269407909458,-31.3990994644869,59.3757,16.84190670594199,2MASS J04291842-3123568,M7.5,231.8072703026263,-42.7696246476257,2600.0,0.112,0.089,nan,False
72.9055650468475,-58.3144561349995,57.1474,17.498608860595585,2MASS J04513734-5818519,M6.5V,267.42002649446346,-38.42041908796548,2710.0,0.129,0.097,nan,False
74.8844773417057,-61.8844784672224,50.2541,19.89887392272471,2MASS J04593230-6153042,M2.5,271.61943860116025,-36.792281933791216,3500.0,0.393,0.4,nan,False
75.3250735482879,22.6169208827506,69.8453,14.317355641682404,2MASS J05011802+2237015,M5V,179.67290999850283,-11.796018171472017,3000.0,0.149,0.12,nan,False
80.449680027291,17.3428947039216,60.0207,16.66091864973251,2MASS J05214793+1720341,M3.5,186.88857946656003,-10.832588705627503,3250.0,0.291,0.26,nan,False
89.2384709921703,11.7425453008142,70.1613,14.252871597305068,2MASS J05565722+1144333,M5.5V,196.18844612796798,-6.45398545098839,3000.0,0.149,0.12,nan,False
100.6131168375339,-67.1221573520297,74.1265,13.490452132503222,2MASS J06422703-6707193,M5.0,277.3932569251257,-25.70108215395064,3000.0,0.149,0.12,nan,False
104.9840615605714,-61.7499550081346,53.9982,18.519135823045954,2MASS J06595620-6145001,M5.0,272.08506804116894,-22.709250638821363,3000.0,0.149,0.12,nan,False
106.1436983597176,16.957509938164,50.1288,19.94861237452323,2MASS J07043449+1657273,M4.0,199.13018911790596,10.472473122516226,3100.0,0.243,0.18,nan,False
114.711745236718,18.4889502424634,54.4193,18.37583357375049,2MASS J07385081+1829205,M6V,201.16087480039545,18.5396689902726,2710.0,0.129,0.097,nan,False
174.0671850955171,56.4004266539232,58.6121,17.061323515110363,2MASS J11361611+5624017,M4.0,142.46777629315864,57.784889909603095,3100.0,0.243,0.18,nan,False
191.8113481661484,-5.4203632987474,50.4405,19.825338765476154,2MASS J12471472-0525130,M4.5,300.9930691403387,57.43560035866556,3100.0,0.243,0.18,nan,False
271.5988117896351,-36.0232143677894,58.4274,17.115257567511133,2MASS J18062369-3601237,M0,356.03792470956125,-7.331614569060905,3800.0,0.535,0.54,nan,False
279.382545767271,20.511675952536,57.5536,17.3751077256679,2MASS J18373180+2030424,M5.5,49.93915945060288,12.141620798126054,3000.0,0.149,0.12,nan,False
291.3787939974683,9.6398038765588,59.4255,16.827792782559676,2MASS J19253089+0938235,M8/9V,45.402572668788224,-3.074105013293084,2440.0,0.107,0.081,nan,False
292.7691580133705,-3.10503318182,54.1645,18.462276952616566,2MASS J19310458-0306186,M5.0,34.687585712683195,-10.232162065754071,3000.0,0.149,0.12,nan,False
301.2379041842871,3.3521463683147,58.7659,17.01667123280678,2MASS J20045709+0321076,M5V,44.595429567845535,-14.682541506445109,3000.0,0.149,0.12,nan,False
302.647454351309,6.5768964908591,62.0119,16.125937118520802,2MASS J20103539+0634367,M8.5V,48.20728774087087,-14.305221745770115,2440.0,0.107,0.081,nan,False
303.2497591859346,1.2161882404346,50.3936,19.843789687579374,2MASS J20125995+0112584,M6V,43.67042621159964,-17.4777492279086,2710.0,0.129,0.097,nan,False
308.4028154705292,-21.3361404760248,57.3319,17.442296522529343,2MASS J20333668-2120096,M2.0,23.429766755464897,-31.557895447313648,3500.0,0.393,0.4,nan,False
342.5854861564474,51.607338963178,55.99,17.86033220217896,2MASS J22502051+5136265,M5V,104.5488062801251,-6.889726826351277,3000.0,0.149,0.12,nan,False
4.9409818398706005,52.2215511348651,50.1097,19.95621606196006,2MASSI J0019457+521317,M9,118.01041572891772,-10.347266554126726,2320.0,0.104,0.078,nan,False
58.5837047197686,-14.6273801656744,52.4556,19.063741526166893,2MASSI J0354200-143738,M6.5V,206.07883794863434,-45.75186853948076,2710.0,0.129,0.097,nan,False
64.4062240551988,-8.0001663524887,55.2859,18.087794537124296,2MASSI J0417374-080000,M7.5V,201.49120940802456,-37.70076913551662,2600.0,0.112,0.089,nan,False
171.2219429037722,13.3813620054158,52.6894,18.97914950635232,2MASSI J1124532+132253,M5.5,242.84390590433358,65.55302299401068,3000.0,0.149,0.12,nan,False
216.0779385426343,-35.242427877568,52.3878,19.088413714643487,2MASSI J1424187-351432,M6.5,323.5498471284176,23.883554171308884,2710.0,0.129,0.097,nan,False
278.9078348168579,32.998142043843615,175.8244,5.687492748446746,2MASSI J1835379+325954,M8.5V,61.645960537970815,17.444001367187955,2440.0,0.107,0.081,nan,False
175.4335350038511,-22.5375030794794,52.6168,19.00533669854495,2MUCD 11005,M7.5V,282.5115885000229,37.55471776716081,2600.0,0.112,0.089,nan,False
91.61142740875471,10.748449201489843,68.46,14.607069821793749,AG+10  687,F0,198.20015134412145,-4.9055156189509965,7220.0,1.79,1.59,nan,False
39.1352485011173,-59.4682070108925,99.3292,10.067533011440744,APMPM J0237-5928,M4.5V,281.01182830889485,-52.955917125910084,3100.0,0.243,0.18,nan,False
192.7193781585042,-21.3537796630045,56.0805,17.83151006142955,APMPM J1251-2121,M7.5e,302.757658909361,41.51777830270867,2600.0,0.112,0.089,nan,False
315.2659160769268,-41.2425790242815,53.3051,18.7599310384935,APMPM J2101-4125,M4,0.5254186873572209,-41.242529511851195,3100.0,0.243,0.18,nan,False
323.5929087425855,-43.2696224082562,59.1089,16.91792606527951,APMPM J2134-4316,M5.5,357.44478504087,-47.34218362896481,3000.0,0.149,0.12,nan,False
352.5673691182619,-47.612523380564,73.7865,13.55261463817907,APMPM J2330-4737,M6e,335.2880682877266,-64.0965821413728,2710.0,0.129,0.097,nan,False
352.8406003961854,-27.8304463739305,73.2134,13.658701822343998,APMPM J2331-2750,M7.0V,26.034832492266084,-72.24543366025797,2600.0,0.112,0.089,nan,False
359.678671453773,-62.7617863126278,50.2721,19.891749101390232,APMPM J2359-6246,M6Ve,312.99498555671033,-53.324267791790646,2710.0,0.129,0.097,nan,False
203.8532181781812,-0.389101831292,51.941,19.252613542288366,BD+00  3077,K7V,325.7320076297329,60.52125042424781,4070.0,0.654,0.63,nan,False
157.2314637543045,0.8410005049271,142.1885,7.032917570689612,BD+01  2447,M2.0Ve,244.47463613199304,46.88735359968737,3500.0,0.393,0.4,nan,False
157.2314637543045,0.8410005049271,142.1885,7.032917570689612,BD+01  2447,M2.0Ve,244.47463613199304,46.88735359968737,3500.0,0.393,0.4,nan,False
157.2314637543045,0.8410005049271,142.1885,7.032917570689612,BD+01  2447,M2.0Ve,244.47463613199304,46.88735359968737,3500.0,0.393,0.4,nan,False
185.1063869480962,0.5835684815849,57.2962,17.45316443324339,BD+01  2684,K7V,285.9861462793574,62.430590851968745,4070.0,0.654,0.63,nan,False
33.0874477374277,3.5756196007019,95.1619,10.508407251221339,BD+02   348,M1V,158.5023793652383,-53.61354148853344,3650.0,0.46,0.47,nan,False
114.8459946360458,2.183665964552,66.4106,15.057837152502763,BD+02  1729,M0.0Ve,216.4864567798056,11.658276297592744,3800.0,0.535,0.54,nan,False
114.8459946360458,2.183665964552,66.4106,15.057837152502763,BD+02  1729,M0.0Ve,216.4864567798056,11.658276297592744,3800.0,0.535,0.54,nan,False
114.8459946360458,2.183665964552,66.4106,15.057837152502763,BD+02  1729,M0.0Ve,216.4864567798056,11.658276297592744,3800.0,0.535,0.54,nan,False
14.4356330165089,5.855727641653,56.1889,17.79710939349231,BD+05   127,M0.0Ve,125.81013049796059,-56.980782648418725,3800.0,0.535,0.54,nan,False
111.852082285317,5.22578698727799,262.98,3.802570537683474,BD+05  1668,M3.5V,212.3445663326399,10.373516300467337,3250.0,0.291,0.26,nan,False
262.5947008206899,5.5485177233949,98.8491,10.116429992786985,BD+05  3409,M1.0Ve,28.574775817646596,20.54234588500941,3650.0,0.46,0.47,nan,False
226.2230258125757,5.6381001423014,52.5873,19.015998159251378,BD+06  2986,K8V,4.886317782393722,51.676140837868616,4000.0,0.587,0.59,nan,False
338.25927631831553,9.3779774061202,77.0259,12.982646096962192,BD+08  4887,M0V,75.54063489606398,-40.42767500105158,3800.0,0.535,0.54,nan,False
187.8158383539613,8.8106082938987,73.764,13.556748549427907,BD+09  2636,M0V,287.39753635275764,71.07137155922024,3800.0,0.535,0.54,nan,False
92.72834944312021,10.318054066352866,91.65,10.911074740861974,BD+10  1032,M2.5V,199.10763856304962,-4.148767554836843,3500.0,0.393,0.4,nan,False
202.4991070353161,10.3771624506149,131.2428,7.619465601160598,BD+11  2576,M1.0Ve,333.2309392403472,70.94492544858807,3650.0,0.46,0.47,nan,False
